10	2.673693502923571
12	3.519776330352374
14	3.296036129101575
16	3.400262858590455
18	3.0071781666464186
20	4.141545018244608
22	4.060792899758865
24	4.779179197758588
26	4.5180526451614424
28	4.4298890517349285
30	4.861542541526287
32	4.776455383392388
34	4.827457444208711
36	5.017431456527217
38	5.153255818512228
40	5.668513296139729
42	5.251323959319097
44	6.1594910928413995
46	5.814383772408483
48	5.556708496007351
50	5.812964089197552
52	6.1846958379379835
54	6.358211325059987
56	6.448940373554016
58	5.917032717365724
60	6.342134218649585
62	6.556303431160306
64	6.76180548558489
66	6.659834960920676
68	7.416289173729212
70	7.662768475841648
72	7.396712768904861
74	6.924881457251133
76	7.504980247562412
78	7.185997628356297
80	7.767782114109477
82	7.1889424585170945
84	8.091047844278215
86	7.34499053439737
88	8.180392328040282
90	7.658898584385086
92	7.900289064889626
94	8.187846606103983
96	8.352363870033084
98	8.14950397499127
100	7.6769953293920645
102	8.061212214142984
104	8.97064678207418
106	9.123771164787675
108	8.765140221835072
110	8.334075005113549
112	8.986323259420482
114	8.65041258601622
116	9.414893984035073
118	9.164181374012491
120	9.285415437498585
122	9.264173888556318
124	9.636133469062612
126	9.721130705473868
128	9.699305903398871
130	9.176896931165226
132	9.769092191640674
134	9.582029157337319
136	9.715788322718005
138	9.32518859708458
140	9.681686604369501
142	9.37258983896853
144	9.755156501472912
146	9.639322256155143
148	9.937276530265054
150	10.289171170047618
152	10.677353732522354
154	9.926968410603294
156	11.130126391002294
158	10.271293448343789
160	10.869952969809777
162	11.484077188571119
164	10.198413186311516
166	10.379819687109267
168	10.411372446074841
170	11.54851645240902
172	10.600973571000456
174	10.97609200375777
176	11.900689835736419
178	11.037411627633928
180	11.005854012575384
182	11.725860279847515
184	11.250562501106542
186	11.16107828203924
188	11.199508550676926
190	11.4544811559151
192	11.479226863843383
194	12.435220320595594
196	11.280991047470476
198	11.976404134878052
200	11.77326804479978
202	11.308889981072982
204	12.45049360011246
206	12.05425827261643
208	12.167902032165195
210	12.429879261275596
212	12.677334453050863
214	12.41064826707596
216	12.898638543940669
218	12.150901220216044
220	13.191975503396609
222	12.148887549607835
224	12.940179942358794
226	13.380777570132969
228	12.877304662870536
230	13.876863129179231
232	12.739656970960475
234	12.792921267595982
236	12.721425436186376
238	12.883448228678656
240	14.066365346334246
242	13.29183102708799
244	13.140459244375691
246	12.44141884069189
248	13.304091505279406
250	13.56855867390539
252	13.51555173413642
254	13.997032214491874
256	14.756112034414445
258	13.659875732217374
260	13.445528480957009
262	13.671343758545605
264	13.817472931628405
266	14.4814400699699
268	13.59064842000808
270	14.010062254583499
272	13.435049957436616
274	14.190760510483026
276	13.472041982417844
278	14.724118422449184
280	14.119223478391927
282	14.689984201945293
284	15.005019697397874
286	14.36683519129117
288	14.666124623115769
290	15.028856245149022
292	15.208682589802992
294	14.321295788510525
296	14.895412383577764
298	14.829215755073792
300	14.999969888569046
302	14.801479836209166
304	15.196232199495277
306	14.99951769324548
308	15.073288480785644
310	15.784856140540898
312	15.303629110538726
314	15.872606277253691
316	14.68994131595994
318	16.401284968243974
320	16.844842348784127
322	15.797157342154025
324	15.879285747434537
326	15.256265487365061
328	15.641400057315309
330	16.74006848808197
332	15.949413911017471
334	15.664306252885236
336	18.999156790240846
338	15.225727710967542
340	15.893859267989786
342	16.512066414641982
344	17.06803661146984
346	16.103985206369924
348	16.224332067584903
350	16.721099589490816
352	16.347630817177354
354	16.34801445009966
356	16.64221546422704
358	16.053130483559897
360	16.724371982638612
362	16.651223766439035
364	17.11566520623686
366	17.83606752778515
368	17.609717831309613
370	16.70072294912797
372	16.562445924260984
374	16.137375837965735
376	17.12676968560978
378	17.926096567346885
380	16.84930248609319
382	16.740674306987316
384	17.063557676207914
386	18.176554604735298
388	18.472981929220033
390	16.80082930059221
392	17.699822638927795
394	17.945564274140608
396	18.688794463557883
398	19.43821197244893
400	18.413148787072792
402	17.84634845780823
404	18.087343605805337
406	17.75211658390571
408	17.82942951328678
410	18.47200683140076
412	17.59463038594805
414	17.99779855509569
416	17.524773568679702
418	18.36850254967355
420	18.292726796624862
422	18.90461390297959
424	18.763920969901026
426	18.472757180837423
428	18.026045292985337
430	19.68577877104297
432	18.496104994384122
434	18.50722550118737
436	18.342392177381026
438	18.91368166930844
440	18.21159292763435
442	19.38395253658483
444	18.821118048190634
446	18.738335949665725
448	18.24469990889141
450	19.232276591326833
452	19.108158901428414
454	19.100104944333907
456	21.213628358977573
458	19.19370346694161
460	19.885515831253773
462	19.45660130161778
464	20.205239816343138
466	19.14623289549195
468	19.696134436301858
470	19.531266282628607
472	19.608312767421715
474	21.064100928862494
476	19.688583050684933
478	20.264068335572436
480	20.378883445100286
482	21.279955587012626
484	21.320162574076747
486	19.077543614739746
488	19.83302308203336
490	20.796558821789702
492	20.33604609145231
494	19.96378338936677
496	19.60480399820249
498	20.93086210048106
10	2.5291477004191902
12	2.713999670916797
14	2.6456655418391595
16	3.597162485825136
18	3.8437523959470283
20	4.428782795119508
22	3.5736518263907167
24	3.7626839691362455
26	4.464480547169722
28	4.106671343970608
30	5.131826838162116
32	4.831783568268753
34	5.394673939723538
36	5.0369842669214755
38	5.517391535673501
40	5.431122536869217
42	5.7537142192231725
44	5.141790277574881
46	5.927334878667961
48	6.058789411732409
50	6.731007371516753
52	5.93851805735278
54	5.914261864165612
56	6.04424796269169
58	6.170066107945531
60	6.581879660496121
62	6.3988208027893805
64	7.190626496550953
66	6.959708303909464
68	6.970489164674142
70	6.354354480383819
72	6.721066710287903
74	7.506792188983748
76	6.801051535887516
78	7.0574087133434915
80	7.313824107617909
82	7.596607067592933
84	8.132171190414923
86	7.531101474370572
88	7.379002172739164
90	7.508612711774766
92	8.253128905816412
94	8.171866567407823
96	8.195794689155138
98	8.260766466291736
100	8.305839645655839
102	8.839778342149089
104	8.11200854475435
106	8.430132989937654
108	8.550301165553671
110	8.91909209885685
112	8.81563789858906
114	8.566427365234146
116	9.28253251454867
118	9.114235768499677
120	9.289269490727293
122	9.216691669847041
124	10.039657177973755
126	9.664276118676131
128	9.508304071601815
130	8.981401303816867
132	9.473077736024697
134	10.0260665165425
136	10.092937420622894
138	10.031080478231745
140	9.220179640979357
142	10.181778631070639
144	9.92527498089989
146	10.376664951892737
148	10.359513527668943
150	9.968457871243155
152	10.746253075109392
154	10.49216224320213
156	10.591470872014225
158	10.062189540475392
160	10.409600304448595
162	10.552362819432872
164	10.838353878507618
166	10.668121716352246
168	10.80600068775356
170	10.636512047830292
172	10.90116668439637
174	10.985410269039168
176	10.899221020031364
178	11.251868212227826
180	11.692094933356604
182	11.433577769159392
184	11.342798283094629
186	11.254980230462605
188	12.276001694547228
190	11.309675187570082
